64,5
64,4
64,3
64,2
64,1
64,0
0,436
63,6
63,5
63,4
63,3
63,2
63,1
63,0
62,5
62,4
62,3
62,2
62,1
62,0
61,4
61,3
61,2
61,1
61,0
60,5
60,4
60,3
60,2
60,1
60,0
59,4
59,3
59,2
59,1
59,0
58,4
58,3
58,2
58,1
58,0
57,5
57,4
57,3
57,2
57,1
57,0
56,3
56,2
56,1
56,0
55,6
55,5
55,4
55,3
55,2
55,1
55,0
54,3
54,2
54,1
54,0
53,4
53,3
53,2
53,1
53,0
52,3
52,2
52,1
52,0
51,4
51,3
51,2
51,1
51,0
50,5
50,4
50,3
50,2
50,1
50,0
49,5
49,4
49,3
49,2
49,1
49,0
48,4
48,3
48,2
48,1
48,0
47,4
47,3
47,2
47,1
47,0
46,3
46,2
46,1
46,0
0,435
45,4
45,3
45,2
45,1
45,0
44,5
44,4
44,3
44,2
0,434
44,1
44,0
25,5
25,4
43,3
43,2
43,1
43,0
42,6
42,5
42,4
42,3
42,2
42,1
42,0
22,4
41,4
41,3
41,2
41,1
41,0
0,433
40,3
40,2
0,432
40,1
40,0
0,431
39,4
39,3
39,2
0,430
39,1
39,0
2,5
2,4
0,429
0,428
38,4
38,3
38,2
38,1
38,0
0,427
0,426
37,4
37,3
37,2
37,1
37,0
36,3
36,2
0,425
36,1
36,0
0,424
15,6
15,5
15,4
35,4
35,3
35,2
0,423
35,1
35,0
34,5
34,4
34,3
34,2
34,1
34,0
0,422
0,421
33,4
33,3
33,2
33,1
33,0
32,5
32,4
32,3
32,2
0,420
32,1
32,0
0,419
10,5
10,4
0,418
31,4
31,3
31,2
31,1
31,0
0,417
30,4
30,3
30,2
30,1
30,0
0,416
0,415
29,5
29,4
29,3
29,2
0,414
29,1
29,0
0,413
0,412
0,411
0,410
0,409
0,408
0,407
28,3
28,2
0,406
28,1
28,0
0,405
0,404
0,403
0,402
0,401
0,400
27,4
27,3
27,2
0,399
27,1
27,0
0,398
0,397
0,396
26,3
26,2
0,395
26,1
26,0
0,394
0,393
0,392
25,3
25,2
0,391
25,1
25,0
0,390
0,389
0,388
24,3
24,2
0,387
24,1
24,0
23,5
23,4
0,386
0,385
0,384
23,3
23,2
0,383
23,1
23,0
0,382
0,381
22,3
22,2
0,380
22,1
22,0
0,379
0,378
21,3
21,2
0,377
21,1
21,0
0,376
0,375
0,374
20,3
20,2
0,373
20,1
20,0
0,372
0,371
0,370
19,3
19,2
0,369
19,1
19,0
0,368
0,367
18,3
18,2
0,366
18,1
18,0
17,5
17,4
0,365
0,364
0,363
17,3
17,2
0,362
17,1
17,0
0,361
0,360
0,359
16,3
16,2
0,358
16,1
16,0
0,357
0,356
0,355
15,3
15,2
0,354
15,1
15,0
0,353
0,352
14,3
14,2
0,351
14,1
14,0
0,350
0,349
0,348
13,3
13,2
0,347
13,1
13,0
0,346
0,345
0,344
12,3
12,2
0,343
12,1
12,0
0,342
0,341
0,340
11,3
11,2
0,339
11,1
11,0
0,338
0,337
0,336
10,3
10,2
0,335
10,1
10,0
0,334
0,333
0,332
9,3
9,2
0,331
9,1
9,0
0,330
0,329
8,3
8,2
0,328
8,1
8,0
0,327
0,326
0,325
7,3
7,2
0,324
7,1
7,0
0,323
0,322
0,321
0,320
6,3
6,2
0,319
6,1
6,0
0,318
0,317
5,3
5,2
5,1
5,0
4,3
4,2
4,1
4,0
3,6
3,5
3,4
3,3
3,2
3,1
3,0
2,3
2,2
2,1
2,0
1,3
1,2
1,1
1,0
0,243
0,9
0,1
0,0
0,310
0,305
0,308
0,304
0,303
0,302
0,307
0,12
0,10
0,8
0,300
0,299
0,298
0,297
0,296
0,295
0,294
0,293
0,292
0,291
0,290
0,289
0,288
0,287
0,286
0,285
0,284
0,283
0,282
0,281
0,280
0,279
0,278
0,277
0,276
0,275
0,274
0,273
0,272
0,271
0,270
0,269
0,268
0,267
0,266
0,265
0,264
0,263
0,262
0,261
0,260
0,259
0,258
0,257
0,256
0,255
0,254
0,253
0,252
0,251
0,250
0,249
0,248
0,247
0,246
0,245
0,244
0,242
0,241
0,240
0,239
0,238
0,237
0,236
0,235
0,234
0,233
0,232
0,231
0,230
0,229
0,228
0,227
0,226
0,225
0,224
0,223
0,222
0,221
0,220
0,219
0,218
0,217
0,216
0,215
0,214
0,213
0,212
0,211
0,210
0,209
0,208
0,207
0,206
0,205
0,204
0,203
0,202
0,201
0,200
0,199
0,198
0,197
0,196
0,195
0,194
0,193
0,192
0,63
0,62
0,61
0,60
0,59
0,58
0,57
0,56
0,55
0,54
0,53
0,316
0,52
0,315
0,51
0,314
0,50
0,313
0,49
0,312
0,48
0,311
0,47
0,309
0,46
0,306
0,45
0,301
0,6
0,5
0,11
0,4
0,2
0,3
0,7
